"Epic","Feature","Story","FAILED","BROKEN","PASSED","SKIPPED","UNKNOWN"
"","Start build","","0","0","4","0","0"
"","Setup","","0","0","2","0","0"
"","Build type","","0","0","11","0","0"
"","Project","","0","0","9","0","0"
"","Search","","0","0","1","0","0"
